  9 26 14 74  3 82 86 75 82 92
 28 14 48 32 90 78 20 53 68 21
 53  3 44 92 84 98  0 16 38 98
 79 79  5 76 51  2 70 83 14 54
 16 46 53 42 64 24 49 99 46 84
 36 49 40 68 59  9  6 53 74 13
  4 98  6  7 49 38 18 75 62 66
 84  8 25 12 16 39 18 34 51 34
  4 46 98 40 37 39 27 33 93 58
 50 78 76 70 30 29 78  8 87 17
 24 83 64 83 38 16 15  0 39 18
 50 80 98 86 52 40  1 60 13 52
 78 80 31 84 39 64 74 30 45 11
 11 84 84 49 83 58 17 54 59 26
 34  7 50 60 35 11 85 15 89 51
 65 11 10 10 98 69 77  9 18 66
 50 26 59 57 27 36 80 74 35 68
  3 42 40 84 81 34 30 70 86 76
 98 88 67 27 63 88 45 74 65 82
 16 59  5 73 58 72  6  5 36 65
